$ANSIBLE_VAULT;1.1;AES256
66356630303038343764396462366133383834653133383364663433303439666232393065333934
3439623266643539306532613031623661366638316431310a393933356565666165663335303835
31616137356339386664353332643262306461346239663664653162613130356434386366343064
3936353638323864360a346332363833663531653935643861323262326530323636376135663237
33373532346234646339366337306364653037653339633563363739666139363137363838343238
31336162393533373866343765313038373263636564326566363037353431616437623262643661
65393836353930343465393762303163383062393364313563386639316230623232666462353837
65666362383961396462383235333630333438663038323963383135363036376166393130666463
37343233376437653339343530353732356233653436326230636535396530653731613663373164
30626330343134343563636436636436636133376339373063653932386132343631666231376130
62666433396531636630323362376130306130386130303366323834373030383432386261353931
62643462383866376264333538323031383338636264353532363632636336626537616462653031
66356134633539343830626661306431313034396538663434336362393334346665626435313037
66623565656539333964636461336263306361663063633961336465326264326535623732306230
35653763633931353633373539356332383331366132646665626362306236393632363339376263
31643762356230346231373238356665386530386135373338666665333736333636333766306139
66323961326337666233306434363062613330363637313563313333626162643964303434396231
31356264383232623864306262343163336531396234663239656238363161356234633732356331
61383534323933666430326438313231393161633333623033663135363238383336306238393330
31653735326164633236396563346636333133373766346432656335363635656534633462383262
65663163636364323063616333623663363535316566373839636666613365396663616636363134
38363638646362363266663631666136393263666533353137323838333636633033663261363833
64386662393839643938333431626265333064373766373239343431666166306536386430643263
37653733393338373163306236386366653339333636356266306338383136333034636234386639
3061
